5 3
4 3
 -0.600000   0.000000   0.000000
 -0.500000  -0.500000   0.000000
  0.000000  -0.100000   0.000000
  0.500000  -0.500000   0.000000
  0.600000   0.000000   0.000000
 -0.200000  -0.200000   0.000000
  0.000000   0.000000  -0.500000
  0.000000   0.000000   1.000000
  0.000000   0.000000  -0.500000
  0.200000  -0.200000   0.000000
 -0.200000   0.200000   0.000000
  0.000000   0.000000  -0.500000
  0.000000   0.000000   1.000000
  0.000000   0.000000  -0.500000
  0.200000   0.200000  -0.008000
 -0.600000   0.000000   0.000000
 -0.500000   0.500000   0.000000
  0.000000   0.100000   0.000000
  0.500000   0.500000   0.000000
  0.600000   0.000000   0.000000
