5 3
4 3
 -0.500000  -0.500000   0.000000
 -0.250000  -0.500000   0.000000
  0.000000  -0.500000   0.000000
  0.250000  -0.500000   0.000000
  0.500000  -0.500000   0.000000
 -0.500000  -0.166667   0.000000
 -0.250000  -0.166667  -0.500000
 -0.035868  -0.113389   1.000000
  0.250000  -0.166667  -0.500000
  0.500000  -0.166667   0.000000
 -0.500000   0.166667   0.000000
 -0.250000   0.166667  -0.500000
  0.000000   0.166667   1.000000
  0.250000   0.166667  -0.500000
  0.500000   0.166667   0.000000
 -0.500000   0.500000   0.000000
 -0.250000   0.500000   0.000000
  0.000000   0.500000   0.000000
  0.250000   0.500000   0.000000
  0.500000   0.500000   0.000000
